Key: 0xDFA62F3EE8304BBF7A6E153F2F88203F823C47BF0A690D3D4793FB3EFA624F3F | Key Entropy: 3.723399
Key: 0x8B5C24306F12833AA69B443ABD3786356F12833A6F12833A6F12833A00000040 | Key Entropy: 3.563853
Key: 0xC51B693F6132AD3E5F298B3E0000803F0000803F9432B63D99A6933D0000803F | Key Entropy: 3.468106
Key: 0x337D5C4F0707D49849BB397192B8A0331870EAE542DDE3D86088A590B87A3D58 | Key Entropy: 3.772729
